(17,2)(6,6)-1000
(17,3)(6,6)-1000
(17,4)(6,6)-1000
(17,5)(6,6)-1000
(17,6)(6,6)-1000
(17,7)(6,6)-1000
(17,8)(6,6)-1000
(17,9)(6,6)-1000
(17,10)(6,6)-1000
(17,11)(6,6)-1000
(17,12)(6,6)-1000
(17,13)(6,6)-1000
(17,14)(6,6)-1000
(17,15)(6,6)-1000
(17,16)(6,6)-1000
(17,17)(6,6)-1000
(17,18)(6,6)-1000
(17,19)(6,6)-1000
(17,20)(6,6)-1000
(17,21)(6,6)-1000
(17,22)(6,6)-1000
(17,23)(6,6)-1000
(17,24)(6,6)-1000
(17,25)(6,6)-1000
(17,26)(6,6)-1000
(17,27)(6,6)-1000
(19,33)(2,2);(19,31)(2,2);(17,27)(6,4)-1000
(19,33)(2,2);(19,31)(2,2);(19,29)(2,2);(17,25)(6,4)-1000
(19,33)(2,2);(19,31)(2,2);(19,29)(2,2);(19,27)(2,2);(17,23)(6,4)-1000
(19,33)(2,2);(19,29)(2,2);(19,27)(2,2);(17,23)(6,4)-1000
(19,34)(2,2);(19,29)(2,2);(19,27)(2,2);(17,23)(6,4)-1000
(19,35)(2,2);(19,29)(2,2);(19,27)(2,2);(17,23)(6,4)-1000
(19,36)(2,2);(19,30)(2,2);(19,27)(2,2);(17,23)(6,4)-1000
(19,37)(2,2);(19,31)(2,2);(19,27)(2,2);(17,23)(6,4)-1000
(19,38)(2,2);(19,32)(2,2);(19,27)(2,2);(17,23)(6,4)-1000
(19,39)(2,2);(19,33)(2,2);(19,28)(2,2);(17,23)(6,4)-1000
(19,40)(2,2);(19,34)(2,2);(19,29)(2,2);(17,23)(6,4)-1000
(19,41)(2,2);(19,35)(2,2);(19,30)(2,2);(17,23)(6,4)-1000
(19,41)(2,2);(19,35)(2,2);(19,30)(2,2);(19,27)(2,2);(19,25)(2,2);(17,23)(6,2)-1000
(19,42)(2,2);(19,36)(2,2);(19,31)(2,2);(19,27)(2,2);(19,25)(2,2);(17,23)(6,2)-1000
(19,43)(2,2);(19,37)(2,2);(19,32)(2,2);(19,27)(2,2);(19,25)(2,2);(17,21)(6,2);(19,23)(2,2)-1000
(19,43)(2,2);(19,37)(2,2);(19,32)(2,2);(19,27)(2,2);(19,25)(2,2);(19,23)(2,2);(17,19)(6,2);(19,21)(2,2)-1000
(19,43)(2,2);(19,37)(2,2);(19,32)(2,2);(19,27)(2,2);(19,23)(2,2);(17,19)(6,2);(19,21)(2,2)-1000
(19,44)(2,2);(19,38)(2,2);(19,33)(2,2);(19,28)(2,2);(19,23)(2,2);(17,19)(6,2);(19,21)(2,2)-1000
(19,45)(2,2);(19,39)(2,2);(19,34)(2,2);(19,29)(2,2);(19,24)(2,2);(17,19)(6,2);(19,21)(2,2)-1000
(19,46)(2,2);(19,40)(2,2);(19,35)(2,2);(19,30)(2,2);(19,25)(2,2);(17,19)(6,2);(19,21)(2,2)-1000
(19,47)(2,2);(19,41)(2,2);(19,36)(2,2);(19,31)(2,2);(19,26)(2,2);(17,19)(6,2);(19,21)(2,2)-1000
(19,48)(2,2);(19,42)(2,2);(19,37)(2,2);(19,32)(2,2);(19,27)(2,2);(17,19)(6,2);(19,22)(2,2)-1000
(19,49)(2,2);(19,43)(2,2);(19,38)(2,2);(19,33)(2,2);(19,28)(2,2);(17,19)(6,2);(19,23)(2,2)-1000
(19,50)(2,2);(19,44)(2,2);(19,39)(2,2);(19,34)(2,2);(19,29)(2,2);(17,19)(6,2);(19,24)(2,2)-1000
(19,51)(2,2);(19,45)(2,2);(19,40)(2,2);(19,35)(2,2);(19,30)(2,2);(19,25)(2,2);(19,21)(2,2);(19,17)(2,2);(19,19)(2,2)-1000
(19,52)(2,2);(19,46)(2,2);(19,41)(2,2);(19,36)(2,2);(19,31)(2,2);(19,26)(2,2);(19,21)(2,2);(19,17)(2,2);(19,19)(2,2)-1000
(19,53)(2,2);(19,47)(2,2);(19,42)(2,2);(19,37)(2,2);(19,32)(2,2);(19,27)(2,2);(19,22)(2,2);(19,17)(2,2);(19,19)(2,2)-1000
(19,54)(2,2);(19,48)(2,2);(19,43)(2,2);(19,38)(2,2);(19,33)(2,2);(19,28)(2,2);(19,23)(2,2);(19,17)(2,2);(19,19)(2,2)-1000
(19,55)(2,2);(19,49)(2,2);(19,44)(2,2);(19,39)(2,2);(19,34)(2,2);(19,29)(2,2);(19,24)(2,2);(19,17)(2,2);(19,19)(2,2)-1000
(19,56)(2,2);(19,50)(2,2);(19,45)(2,2);(19,40)(2,2);(19,35)(2,2);(19,30)(2,2);(19,25)(2,2);(19,17)(2,2);(19,20)(2,2)-1000
(19,57)(2,2);(19,51)(2,2);(19,46)(2,2);(19,41)(2,2);(19,36)(2,2);(19,31)(2,2);(19,26)(2,2);(19,17)(2,2);(19,21)(2,2)-1000
(19,58)(2,2);(19,52)(2,2);(19,47)(2,2);(19,42)(2,2);(19,37)(2,2);(19,32)(2,2);(19,27)(2,2);(19,17)(2,2);(19,22)(2,2)-1000
