(2,28)(4,4)-1000
(3,28)(4,4)-1000
(4,28)(4,4)-1000
(5,28)(4,4)-1000
(6,28)(4,4)-1000
(7,28)(4,4)-1000
(8,28)(4,4)-1000
(9,28)(4,4)-1000
(10,28)(4,4)-1000
(11,28)(4,4)-1000
(12,28)(4,4)-1000
(13,28)(4,4)-1000
(14,28)(4,4)-1000
(15,28)(4,4)-1000
(16,28)(4,4)-1000
(17,28)(4,4)-1000
(18,28)(4,4)-1000
(19,28)(4,4)-1000
(20,28)(4,4)-1000
(21,28)(4,4)-1000
(22,28)(4,4)-1000
(23,28)(4,4)-1000
(24,28)(4,4)-1000
(25,28)(4,4)-1000
(26,28)(4,4)-1000
(27,28)(4,4)-1000
(28,28)(4,4)-1000
(29,28)(4,4)-1000
(29,28)(4,4)-1000
(29,27)(4,2);(29,31)(4,2)-1000
(29,26)(4,2);(29,32)(4,2)-1000
(28,26)(2,2);(32,26)(2,2);(28,32)(2,2);(32,32)(2,2)-1000
(27,26)(2,2);(33,26)(2,2);(27,32)(2,2);(33,32)(2,2)-1000
(27,25)(2,1);(27,28)(2,1);(33,25)(2,1);(33,28)(2,1);(27,31)(2,1);(27,34)(2,1);(33,31)(2,1);(33,34)(2,1)-1000
(26,25)(1,1);(29,25)(1,1);(26,28)(1,1);(29,28)(1,1);(32,25)(1,1);(35,25)(1,1);(32,28)(1,1);(35,28)(1,1);(26,31)(1,1);(29,31)(1,1);(26,34)(1,1);(29,34)(1,1);(32,31)(1,1);(35,31)(1,1);(32,34)(1,1);(35,34)(1,1)-1000
(27,25)(1,1);(29,24)(1,1);(25,28)(1,1);(29,27)(1,1);(31,25)(1,1);(35,24)(1,1);(31,28)(1,1);(34,28)(1,1);(25,31)(1,1);(29,32)(1,1);(25,34)(1,1);(28,34)(1,1);(31,31)(1,1);(34,31)(1,1);(31,34)(1,1);(35,34)(1,1)-1000
(27,25)(1,1);(29,24)(1,1);(25,27)(1,1);(29,26)(1,1);(31,24)(1,1);(35,24)(1,1);(30,28)(1,1);(33,28)(1,1);(24,31)(1,1);(29,33)(1,1);(25,33)(1,1);(27,34)(1,1);(30,31)(1,1);(33,31)(1,1);(31,34)(1,1);(35,34)(1,1)-1000
(27,25)(1,1);(29,24)(1,1);(25,27)(1,1);(29,26)(1,1);(31,24)(1,1);(35,24)(1,1);(29,28)(1,1);(33,27)(1,1);(24,30)(1,1);(29,34)(1,1);(25,32)(1,1);(27,33)(1,1);(29,31)(1,1);(33,32)(1,1);(31,34)(1,1);(35,34)(1,1)-1000
(27,25)(1,1);(29,24)(1,1);(25,27)(1,1);(29,26)(1,1);(31,24)(1,1);(35,24)(1,1);(29,29)(1,1);(33,26)(1,1);(24,29)(1,1);(29,34)(1,1);(25,31)(1,1);(27,33)(1,1);(29,32)(1,1);(33,33)(1,1);(31,34)(1,1);(35,34)(1,1)-1000
(27,25)(1,1);(29,24)(1,1);(25,27)(1,1);(29,26)(1,1);(31,24)(1,1);(35,24)(1,1);(29,29)(1,1);(33,25)(1,1);(24,29)(1,1);(29,34)(1,1);(25,31)(1,1);(27,33)(1,1);(29,32)(1,1);(33,34)(1,1);(31,34)(1,1);(35,34)(1,1)-1000
(27,25)(1,1);(29,24)(1,1);(25,27)(1,1);(29,26)(1,1);(31,24)(1,1);(35,24)(1,1);(29,29)(1,1);(33,24)(1,1);(24,29)(1,1);(29,34)(1,1);(25,31)(1,1);(27,33)(1,1);(29,32)(1,1);(33,34)(1,1);(31,34)(1,1);(35,34)(1,1)-1000
